0.18112453 0.25503939 0.301313   0.26252308
0.34936128 0.28244588 0.25038299 0.11780985
0.26001935 0.27725563 0.26129809 0.20142693
0.09720796 0.26026439 0.46386848 0.17865918
0.55794568 0.21015984 0.12367985 0.10821463
0.31896333 0.22171654 0.18989953 0.2694206 
0.06463478 0.11686777 0.72048679 0.09801066
0.17811408 0.46565033 0.26080453 0.09543106
0.14152416 0.19056079 0.2073222  0.46059286
0.52622934 0.12133626 0.16233055 0.19010385
0.06639225 0.37389188 0.48567546 0.07404042
0.15095745 0.39099367 0.28929865 0.16875023
0.43584021 0.18325029 0.23767258 0.14323692
0.07909719 0.25777679 0.57728065 0.08584537
0.09507591 0.046936   0.10938026 0.74860783
0.1215401  0.47254918 0.1911678  0.21474292
0.37002492 0.14159845 0.23549632 0.25288031
0.2133808  0.12845354 0.41229145 0.24587421
0.10846372 0.0783071  0.23759581 0.57563338
0.35411508 0.16291943 0.14691597 0.33604951
0.32817105 0.4109628  0.16584376 0.0950224 
0.21717229 0.52857756 0.16122049 0.09302966
0.72017089 0.07352952 0.07918472 0.12711487
0.3493767  0.1386283  0.35844962 0.15354538
0.23543158 0.38867205 0.19092311 0.18497325
0.27174017 0.25590914 0.34845826 0.12389242
0.10369036 0.31463951 0.34402219 0.23764793
0.25536131 0.35207811 0.26838054 0.12418004
0.25500882 0.21981001 0.25489665 0.27028452
0.18660147 0.22303332 0.39088198 0.19948323
0.09934657 0.09908269 0.34192105 0.4596497 
0.08465481 0.08570864 0.47889326 0.35074329
0.11408893 0.19938639 0.41517884 0.27134585
0.42023486 0.20869686 0.15359636 0.21747192
0.18313282 0.37347941 0.35165561 0.09173216
0.10207547 0.21163748 0.33113301 0.35515404
0.08368922 0.63581912 0.20761906 0.07287261
0.10151875 0.36826693 0.38801739 0.14219692
0.27630711 0.16570464 0.22974871 0.32823954
0.43343349 0.31355587 0.14448354 0.1085271 
0.07682997 0.49322115 0.34971405 0.08023482
0.43729421 0.10839512 0.15974173 0.29456894
0.19217521 0.20690932 0.25654689 0.34436858
0.22822995 0.15647206 0.49061945 0.12467854
0.32715224 0.20829642 0.26007839 0.20447296
0.10189468 0.13736522 0.55483456 0.20590554
0.18533369 0.11454809 0.34864169 0.35147653
0.29006999 0.13024752 0.30130523 0.27837726
0.24167155 0.20868296 0.16714488 0.38250061
0.23414669 0.29081955 0.18530376 0.28972999
0.21174454 0.17737934 0.32168717 0.28918895
0.20674593 0.09910606 0.14372279 0.55042521
0.25559392 0.20691893 0.32545012 0.21203704
0.29211852 0.11229447 0.16309131 0.4324957 
0.17322271 0.2799685  0.42898624 0.11782256
0.32042082 0.05882883 0.0816888  0.53906155
0.19614351 0.29729352 0.3304235  0.17613947
0.41931061 0.06751155 0.09853772 0.41464013
0.32237195 0.30074921 0.18268103 0.1941978 
0.2229973  0.11213764 0.25519321 0.40967186
0.11451592 0.31972317 0.22523975 0.34052116
0.18743177 0.32960051 0.24977072 0.233197  
0.3379769  0.09462154 0.21989434 0.34750722
0.55974938 0.06186218 0.08104028 0.29734816
