0.18378219 0.26313791 0.29180908 0.26127082
0.34978534 0.28267036 0.24955407 0.11799023
0.26188944 0.27647726 0.25792763 0.20370568
0.10024611 0.25814393 0.47361383 0.16799613
0.55743688 0.20941512 0.12425632 0.10889168
0.31766776 0.2211979  0.19134762 0.26978673
0.06512622 0.11683624 0.72037229 0.09766525
0.17762095 0.46593746 0.25924067 0.09720092
0.13652175 0.2028417  0.20351371 0.45712284
0.52566977 0.1214405  0.16196552 0.19092421
0.0664976  0.37267734 0.487736   0.07308906
0.13687044 0.39688018 0.29234206 0.17390733
0.43554826 0.18077419 0.24068093 0.14299662
0.07746572 0.25672649 0.58297551 0.08283229
0.09426615 0.04644879 0.10733999 0.75194507
0.12706926 0.4768414  0.18397723 0.21211212
0.36918527 0.14024841 0.23729864 0.25326768
0.2109822  0.12612434 0.41269142 0.25020205
0.1046281  0.07873495 0.23409773 0.58253922
0.3547368  0.1620691  0.14940385 0.33379025
0.33332689 0.4096552  0.16429026 0.09272765
0.21897002 0.52934467 0.16099156 0.09069376
0.71993095 0.07370544 0.07937441 0.1269892 
0.34406994 0.13793776 0.3667449  0.1512474 
0.24151673 0.39177364 0.18862151 0.17808812
0.27323685 0.25643883 0.34603304 0.12429127
0.10715211 0.30518198 0.35444198 0.23322392
0.25567639 0.35327016 0.26763196 0.12342149
0.25608726 0.21449162 0.25626648 0.27315465
0.18598524 0.22518097 0.38970416 0.19912963
0.10505052 0.10041921 0.33761798 0.45691229
0.09394443 0.08850841 0.46101859 0.35652856
0.10764041 0.19988196 0.42528886 0.26718876
0.419864   0.20776248 0.15482543 0.2175481 
0.18368128 0.37726787 0.34467037 0.09438048
0.10358175 0.21007154 0.33276846 0.35357825
0.08360235 0.63600027 0.20789194 0.07250544
0.10078875 0.36922564 0.39150305 0.13848255
0.27455405 0.16204012 0.22976801 0.33363782
0.43530022 0.3111764  0.1444115  0.10911187
0.07644434 0.49468742 0.35094257 0.07792567
0.43655118 0.10779326 0.160805   0.29485056
0.19194815 0.2083324  0.25589412 0.34382533
0.21764946 0.1621137  0.49314065 0.12709619
0.32822242 0.20763411 0.26112663 0.20301684
0.0975309  0.12977409 0.56012127 0.21257374
0.20796894 0.11884051 0.32091735 0.3522732 
0.28765262 0.13547743 0.30230196 0.27456799
0.24315333 0.21244206 0.16541011 0.3789945 
0.232052   0.29255729 0.18679698 0.28859373
0.19725191 0.18840889 0.33294209 0.28139711
0.20669908 0.09798855 0.13954636 0.55576601
0.25482181 0.20866499 0.32545373 0.21105947
0.29571051 0.11398507 0.15853982 0.4317646 
0.17733914 0.28556272 0.41731852 0.11977962
0.32297467 0.05829457 0.08221328 0.53651748
0.19874003 0.29994363 0.32458273 0.17673362
0.42063314 0.06761512 0.09881791 0.41293383
0.32425158 0.30011628 0.18124919 0.19438295
0.21611854 0.11341708 0.23902299 0.43144139
0.10844581 0.33074967 0.23353044 0.32727409
0.19008607 0.34049385 0.24565357 0.22376651
0.33445195 0.09260129 0.22391978 0.34902699
0.55965961 0.06190378 0.08108081 0.2973558 
